N    : 256
comp : 0.215228 s
comm : 0.000112 s
total: 0.215340 s (0.155821 GFlops)
error: 0.000016
