N    : 256
comp : 0.006758 s
comm : 0.000167 s
total: 0.006925 s (4.845184 GFlops)
error: 0.000016
