N    : 1024
comp : 0.001856 s
comm : 0.000000 s
total: 0.001856 s (1156.897910 GFlops)
error: 0.000129